1033.82	0.0	1.0	OVI
1215.24	0.0	9.0	Ly$\alpha$
1240.81	0.0	3.0	NV
1305.53	0.0	0.0	OI
1335.31	0.0	0.0	CII
1397.61	0.0	0.0	SiIV
1399.8	0.0	1.0	SiIV+OIV
1549.48	0.0	8.0	CIV
1640.4	0.0	0.0	HeII
1665.85	0.0	0.0	OIII]
1857.4	0.0	0.0	AlIII
1908.734	0.0	7.0	CIII]
2439.5	0.0	0.0	[NeIV]
2799.117	1.0	8.0	MgII]
3346.79	0.0	0.0	[NeV]
3426.85	0.0	0.0	[NeV]
3727.092	5.0	1.0	[OII]
3729.875	0.0	0.0	[OII]
3868.760	0.0 0.0 [NeIII]
3967.470	0.0 0.0 [NeIII]
3889.0	0.0	0.0	HeI
4102.89	0.5	2.0	H$\delta$
4341.68	1.0	3.0	H$\gamma$
4364.436	0.0	0.0	[OIII]
4862.68	2.0	4.0	H$\beta$
4932.603	0.0	0.0	[OIII]
4960.295	2.0	2.0	[OIII]
5008.240	3.0	2.0	[OIII]
6302.046	0.0	0.0	[OI]
6365.536	0.0	0.0	[OI]
6549.86	3.0	0.0	[NII]
6564.61	8.0	8.0	H$\alpha$
6585.27	3.0	0.0	[NII]
6718.29	3.0	0.0	[SII]
6732.67	3.0	0.0	[SII]
7155.157 0.0 1.0 [FeII]
7319.990 1.0 1.0 [OII]
7330.730 1.0 1.0 [OII]
9068.600 0.0 0.0 [SIII]
9531.100 0.0 0.0 [SIII]
10049.368 0.0 0.0 Pad